- name: 일마지오
  phone: 02-538-0133
  price: 2만원대
  lat: 37.507570
  lng: 127.055689
- name: 포베이
  phone: 02-508-6608
  price: 2만원대
  lat: 37.505620
  lng: 127.058898
